A 7 1 2020
BA 7 1 2020
BE 7 1 2020
BI 7 1 2020
BO 7 1 2020
BU 7 1 2020
BYA 7 1 2020
BYO 7 1 2020
BYU 7 1 2020
CHA 7 1 2020
CHI 7 1 2020
CHO 7 1 2020
CHU 7 1 2020
DA 7 1 2020
DE 7 1 2020
DI 7 1 2020
DO 7 1 2020
DU 7 1 2020
E 7 1 2020
FU 7 1 2020
GA 7 1 2020
GE 7 1 2020
GI 7 1 2020
GO 7 1 2020
GU 7 1 2020
GYA 7 1 2020
GYO 7 1 2020
GYU 7 1 2020
HA 7 1 2020
HE 7 1 2020
HI 7 1 2020
HO 7 1 2020
HYA 7 1 2020
HYO 7 1 2020
HYU 7 1 2020
I 7 1 2020
JA 7 1 2020
JI 7 1 2020
JO 7 1 2020
JU 7 1 2020
KA 7 1 2020
KE 7 1 2020
KI 7 1 2020
KO 7 1 2020
KU 7 1 2020
KYA 7 1 2020
KYO 7 1 2020
KYU 7 1 2020
MA 7 1 2020
ME 7 1 2020
MI 7 1 2020
MO 7 1 2020
MU 7 1 2020
MYA 7 1 2020
MYO 7 1 2020
MYU 7 1 2020
N 7 1 2020
NA 7 1 2020
NE 7 1 2020
NI 7 1 2020
NO 7 1 2020
NU 7 1 2020
NYA 7 1 2020
NYO 7 1 2020
NYU 7 1 2020
O 7 1 2020
PA 7 1 2020
PE 7 1 2020
PI 7 1 2020
PO 7 1 2020
PU 7 1 2020
PYA 7 1 2020
PYO 7 1 2020
PYU 7 1 2020
RA 7 1 2020
RE 7 1 2020
RI 7 1 2020
RO 7 1 2020
RU 7 1 2020
RYA 7 1 2020
RYO 7 1 2020
RYU 7 1 2020
SA 7 1 2020
SE 7 1 2020
SHA 7 1 2020
SHI 7 1 2020
SHO 7 1 2020
SHU 7 1 2020
SO 7 1 2020
SU 7 1 2020
TA 7 1 2020
TE 7 1 2020
TO 7 1 2020
TSU 7 1 2020
U 7 1 2020
WA 7 1 2020
WO 7 1 2020
YA 7 1 2020
YO 7 1 2020
YU 7 1 2020
ZA 7 1 2020
ZE 7 1 2020
ZO 7 1 2020
ZU 8 1 2020
